0 14
1 14
2 14
3 14
4 13
5 13
6 13
7 12
8 12
9 12
10 11
11 12
12 10
13 12
14 9
15 12
16 5
17 16
18 6
19 109
20 128
21 65
22 0
23 9
24 2
25 5
26 3
27 4
28 3
29 3
30 3
31 3
32 3
33 3
34 3
35 3
36 3
37 3
38 3
39 4
40 4
41 4
42 4
43 4
44 5
45 5
46 5
47 5
48 6
49 6
50 6
51 6
52 7
53 7
54 7
55 7
56 7
57 8
58 8
59 8
60 9
61 9
62 9
63 9
64 9
65 9
66 9
67 9
68 9
69 9
70 8
71 8
72 8
73 8
74 8
75 8
76 8
77 8
78 8
79 8
80 8
81 8
82 7
83 7
84 7
85 7
86 6
87 6
88 6
89 5
90 5
91 4
92 4
93 3
94 3
95 3
96 3
97 3
98 2
99 2
